printing lst - 1
0.000012
0.000052
0.000333
0.001176
0.006035
0.014811
0.023216
0.042192
0.060255
0.174283
0.638776
1.641751



printing lst - 2
0.000009
0.000037
0.000241
0.000986
0.005088
0.013120
0.018377
0.036624
0.045751
0.133820
0.495639
1.215349



printing lst - 3
0.003730
0.001691
0.001539
0.001861
0.003626
0.004641
0.008570
0.014391
0.018113
0.034951
0.155883
0.651717



printing lst - 1
0.000238
0.001025
0.008693
0.034214
0.127742
0.181270
1.628517
3.107759
11.132307
20.108296
34.525250
46.427030
73.420791
77.503727



printing lst - 2
0.000311
0.000952
0.008389
0.032405
0.120752
0.179542
1.532082
3.184147
10.509277
18.848799
33.001032
43.770436
70.890723
73.379305



printing lst - 3
0.000606
0.000045
0.000455
0.002041
0.005051
0.006473
0.038302
0.108506
0.259242
0.515738
0.725049
1.052645
1.425321
2.101138



